0.12500000000000000000
0.06250000000000000000
0.15000000000000000000
0.10778443113772455090
0.13291139240506329114
0.15789473684210526316
0.16176470588235294118
0.12476007677543186180
0.12500000000000000000
0.08695652173913043478
0.16666666666666666667
0.15000000000000000000
0.12500000000000000000
0.04000000000000000000
0.18181818181818181818
0.04545454545454545455
0.12500000000000000000
0.08571428571428571429
0.08333333333333333333
0.14285714285714285714
0.12500000000000000000
0.14285714285714285714
0.08333333333333333333
0.14285714285714285714
0.19634703196347031963
0.16666666666666666667
0.06666666666666666667
0.18181818181818181818
0.08450704225352112676
0.04761904761904761905
0.09523809523809523810
0.16666666666666666667
0.08000000000000000000
0.13333333333333333333
0.06521739130434782609
0.19739696312364425163
0.09500000000000000000
0.15789473684210526316
0.12500000000000000000
0.14285714285714285714
0.19047619047619047619
0.15473887814313346228
0.16129032258064516129
0.16666666666666666667
0.12121212121212121212
0.19047619047619047619
