0.14285714285714285714
0.12500000000000000000
0.07917888563049853372
0.15625000000000000000
0.11111111111111111111
0.15456674473067915691
0.18181818181818181818
0.11842105263157894737
0.10000000000000000000
0.13333333333333333333
0.01785714285714285714
0.16666666666666666667
0.09090909090909090909
0.13333333333333333333
0.05000000000000000000
0.16666666666666666667
0.16666666666666666667
0.14705882352941176471
0.05882352941176470588
0.15789473684210526316
0.16666666666666666667
0.10344827586206896552
0.11688311688311688312
0.14285714285714285714
0.09523809523809523810
0.05555555555555555556
0.11111111111111111111
0.10000000000000000000
0.12500000000000000000
0.15000000000000000000
0.07142857142857142857
0.16666666666666666667
0.16101694915254237288
0.14147909967845659164
0.13750000000000000000
0.16666666666666666667
