Query number 5
Each list corresponds to one epsilon value in the order following order: 
[0.01, 0.02, 0.03, 0.04, 0.05]
[0.039208173751831055, 0.03854823112487793, 0.03834199905395508, 0.038908958435058594, 0.040132999420166016, 0.03891587257385254, 0.03761410713195801, 0.03747200965881348, 0.037338972091674805, 0.03767108917236328]

[0.03774428367614746, 0.03758382797241211, 0.037841796875, 0.03783917427062988, 0.03748011589050293, 0.03713202476501465, 0.03727316856384277, 0.03736400604248047, 0.03722095489501953, 0.037309885025024414]

[0.03770089149475098, 0.03712606430053711, 0.03737688064575195, 0.0371551513671875, 0.03710508346557617, 0.037050724029541016, 0.03718280792236328, 0.03731799125671387, 0.037168264389038086, 0.037116289138793945]

[0.03740715980529785, 0.03731417655944824, 0.03740096092224121, 0.03707289695739746, 0.03698897361755371, 0.037087202072143555, 0.03732728958129883, 0.0370790958404541, 0.03731870651245117, 0.037184953689575195]

[0.037164926528930664, 0.037117958068847656, 0.037045955657958984, 0.03694510459899902, 0.03716588020324707, 0.037052154541015625, 0.036969900131225586, 0.03718996047973633, 0.03722810745239258, 0.03729701042175293]

