Query number 1
Each list corresponds to one epsilon value in the order following order: 
[0.01, 0.02, 0.03, 0.04, 0.05]
[0.024451017379760742, 0.023632049560546875, 0.02364182472229004, 0.023652076721191406, 0.022979736328125, 0.02228403091430664, 0.022627830505371094, 0.022829055786132812, 0.0230410099029541, 0.04699993133544922]

[0.02381587028503418, 0.023396968841552734, 0.02333807945251465, 0.02329707145690918, 0.023548126220703125, 0.023010730743408203, 0.02313232421875, 0.022825002670288086, 0.022740840911865234, 0.022848844528198242]

[0.02306985855102539, 0.023003816604614258, 0.022735118865966797, 0.023116111755371094, 0.02283191680908203, 0.022812843322753906, 0.022732019424438477, 0.023168087005615234, 0.02382373809814453, 0.02350902557373047]

[0.023508071899414062, 0.023013830184936523, 0.023151159286499023, 0.023340940475463867, 0.02322101593017578, 0.023195266723632812, 0.023085832595825195, 0.023353099822998047, 0.02326202392578125, 0.023048877716064453]

[0.022655010223388672, 0.02276611328125, 0.022469043731689453, 0.02314615249633789, 0.02266097068786621, 0.022783994674682617, 0.023235082626342773, 0.022920846939086914, 0.023105144500732422, 0.02303934097290039]

