Query number 3
Each list corresponds to one epsilon value in the order following order: 
[0.01, 0.02, 0.03, 0.04, 0.05]
[0.03229713439941406, 0.03153395652770996, 0.0309600830078125, 0.03086376190185547, 0.03084111213684082, 0.0310821533203125, 0.03091716766357422, 0.03061676025390625, 0.03096485137939453, 0.031016826629638672]

[0.030631065368652344, 0.03106093406677246, 0.0306551456451416, 0.03092503547668457, 0.030900955200195312, 0.030949831008911133, 0.0309140682220459, 0.030904054641723633, 0.030920982360839844, 0.030550003051757812]

[0.030823945999145508, 0.030809879302978516, 0.030721187591552734, 0.030875205993652344, 0.030926942825317383, 0.030737876892089844, 0.03057408332824707, 0.03088212013244629, 0.0304110050201416, 0.030442237854003906]

[0.03083515167236328, 0.030503034591674805, 0.030813932418823242, 0.0305938720703125, 0.03056788444519043, 0.030903100967407227, 0.03824210166931152, 0.03801321983337402, 0.03762102127075195, 0.0396420955657959]

[0.037713050842285156, 0.03682112693786621, 0.036875009536743164, 0.03689908981323242, 0.037439823150634766, 0.036489009857177734, 0.03606128692626953, 0.03578996658325195, 0.03581094741821289, 0.036009788513183594]

