Query number 2
Each list corresponds to one epsilon value in the order following order: 
[0.01, 0.02, 0.03, 0.04, 0.05]
[0.01308298110961914, 0.013857841491699219, 0.011815071105957031, 0.011690855026245117, 0.012871026992797852, 0.012083768844604492, 0.011383056640625, 0.011775016784667969, 0.013309001922607422, 0.011149168014526367]

[0.011216163635253906, 0.01244211196899414, 0.011626005172729492, 0.010416030883789062, 0.010310173034667969, 0.011435985565185547, 0.010776042938232422, 0.00993204116821289, 0.010070085525512695, 0.010879993438720703]

[0.010709047317504883, 0.010392904281616211, 0.010227203369140625, 0.011046171188354492, 0.010570049285888672, 0.009917974472045898, 0.009914875030517578, 0.011101007461547852, 0.01071929931640625, 0.010032176971435547]

[0.010015249252319336, 0.011072158813476562, 0.01063227653503418, 0.010005712509155273, 0.010022163391113281, 0.010850667953491211, 0.010611772537231445, 0.010138988494873047, 0.009923696517944336, 0.011038064956665039]

[0.010655879974365234, 0.00989985466003418, 0.009974002838134766, 0.011114835739135742, 0.01074981689453125, 0.01001286506652832, 0.01034402847290039, 0.011175870895385742, 0.010577917098999023, 0.010035276412963867]

