Query number 4
Each list corresponds to one epsilon value in the order following order: 
[0.01, 0.02, 0.03, 0.04, 0.05]
[0.044255971908569336, 0.04447007179260254, 0.04425501823425293, 0.044348955154418945, 0.044525146484375, 0.04435610771179199, 0.04419302940368652, 0.04432177543640137, 0.04422712326049805, 0.04431486129760742]

[0.044528961181640625, 0.04469895362854004, 0.044474124908447266, 0.04515409469604492, 0.048017263412475586, 0.04598569869995117, 0.045655012130737305, 0.044464111328125, 0.04464316368103027, 0.04422473907470703]

[0.04422712326049805, 0.04462409019470215, 0.044499874114990234, 0.04433798789978027, 0.04456305503845215, 0.045819759368896484, 0.045764923095703125, 0.04572606086730957, 0.04550313949584961, 0.04598283767700195]

[0.04535508155822754, 0.04623985290527344, 0.04643988609313965, 0.045552968978881836, 0.04525327682495117, 0.045538902282714844, 0.04542207717895508, 0.04601597785949707, 0.045690059661865234, 0.04557991027832031]

[0.04550790786743164, 0.04548907279968262, 0.04499101638793945, 0.04467320442199707, 0.04488778114318848, 0.04439091682434082, 0.044551849365234375, 0.044631004333496094, 0.0446469783782959, 0.04482889175415039]

