Query number 1
Each list corresponds to one epsilon value in the order following order: 
[0.01, 0.02, 0.03, 0.04, 0.05]
[0.022109031677246094, 0.02131199836730957, 0.020513057708740234, 0.02039504051208496, 0.020927906036376953, 0.02048206329345703, 0.020472049713134766, 0.020071983337402344, 0.020986080169677734, 0.020244836807250977]

[0.020750045776367188, 0.020255088806152344, 0.020577192306518555, 0.020270824432373047, 0.02069091796875, 0.020492076873779297, 0.02073812484741211, 0.020268678665161133, 0.020725011825561523, 0.020372867584228516]

[0.020592689514160156, 0.02019500732421875, 0.020520925521850586, 0.020236968994140625, 0.020331144332885742, 0.020318031311035156, 0.0203402042388916, 0.020356178283691406, 0.02041912078857422, 0.020514726638793945]

[0.020235061645507812, 0.020709991455078125, 0.020041227340698242, 0.020071029663085938, 0.02047109603881836, 0.021380186080932617, 0.020725011825561523, 0.020545005798339844, 0.020320892333984375, 0.02052617073059082]

[0.020083904266357422, 0.020642995834350586, 0.020060300827026367, 0.020587921142578125, 0.02019476890563965, 0.020669937133789062, 0.020161151885986328, 0.020607948303222656, 0.02012920379638672, 0.020689010620117188]

