Query number 4
Each list corresponds to one epsilon value in the order following order: 
[0.01, 0.02, 0.03, 0.04, 0.05]
[0.03892779350280762, 0.03879904747009277, 0.03874564170837402, 0.039396047592163086, 0.03865337371826172, 0.0383148193359375, 0.03879213333129883, 0.03856182098388672, 0.038420915603637695, 0.03810620307922363]

[0.03841090202331543, 0.03862810134887695, 0.038594722747802734, 0.03876805305480957, 0.03843116760253906, 0.03839612007141113, 0.03835272789001465, 0.03849005699157715, 0.03845810890197754, 0.03834795951843262]

[0.03829503059387207, 0.03841114044189453, 0.038201093673706055, 0.03824472427368164, 0.0381770133972168, 0.04085803031921387, 0.040959835052490234, 0.03975701332092285, 0.039225101470947266, 0.03883099555969238]

[0.03877711296081543, 0.03865385055541992, 0.03874468803405762, 0.03880500793457031, 0.04188895225524902, 0.04164600372314453, 0.041651010513305664, 0.04085111618041992, 0.04047274589538574, 0.040348052978515625]

[0.04006600379943848, 0.04078197479248047, 0.04028630256652832, 0.03877902030944824, 0.041812896728515625, 0.04060006141662598, 0.04004096984863281, 0.039071083068847656, 0.03833436965942383, 0.03814196586608887]

