Query number 5
Each list corresponds to one epsilon value in the order following order: 
[0.01, 0.02, 0.03, 0.04, 0.05]
[0.04031991958618164, 0.041136980056762695, 0.04052400588989258, 0.03838801383972168, 0.040654897689819336, 0.039334774017333984, 0.03817582130432129, 0.037599802017211914, 0.037549734115600586, 0.03741884231567383]

[0.036889076232910156, 0.03708004951477051, 0.03686690330505371, 0.03686809539794922, 0.03717494010925293, 0.03716301918029785, 0.036753177642822266, 0.03682112693786621, 0.036833763122558594, 0.03693819046020508]

[0.03683185577392578, 0.03688335418701172, 0.03674197196960449, 0.036972999572753906, 0.03695487976074219, 0.0366671085357666, 0.03667497634887695, 0.036843061447143555, 0.037203073501586914, 0.03696322441101074]

[0.03703713417053223, 0.03715991973876953, 0.0372920036315918, 0.03710198402404785, 0.03711295127868652, 0.03704071044921875, 0.03702116012573242, 0.037420034408569336, 0.03725695610046387, 0.03678393363952637]

[0.03664088249206543, 0.03674793243408203, 0.03703808784484863, 0.03691887855529785, 0.03673410415649414, 0.03671574592590332, 0.036939144134521484, 0.03689002990722656, 0.03662371635437012, 0.036913156509399414]

